0   11  2   80  64
1   9   3   10  84
2   20  63  89  60
2   34  68  5   53
4   59  4   74  73
5   95  46  11  57
7   21  47  82  52
8   72  86  54  89
11  16  46  64  54
11  75  12  48  98
12  47  9   55  76
13  11  15  26  39
14  44  2   33  33
14  51  4   81  30
17  31  59  58  46
17  79  11  8   94
18  13  84  70  87
19  17  33  45  96
19  65  21  37  89
20  30  83  83  1
20  48  68  1   79
21  89  44  74  29
22  25  16  80  21
22  59  91  59  59
23  11  35  73  91
26  1   77  29  35
29  65  50  21  70
30  26  46  53  58
30  57  20  90  27
32  18  9   36  9
34  1   44  20  4
36  56  70  21  74
36  87  7   26  31
37  14  15  89  22
37  33  3   98  73
37  77  26  39  42
38  22  97  28  30
38  50  45  37  37
38  57  42  44  61
38  58  15  7   42
39  1   12  50  20
39  32  94  70  60
39  61  87  73  18
41  3   53  98  51
41  79  18  87  70
42  28  29  94  79
42  46  22  55  80
42  68  76  50  95
43  72  81  90  48
44  36  66  14  85
44  73  51  34  29
45  93  36  15  14
48  31  46  51  23
49  80  83  21  8
49  87  86  47  47
51  47  44  49  48
51  78  47  24  62
51  82  89  16  36
52  24  30  35  25
53  61  66  21  7
53  74  38  44  31
53  86  15  30  85
54  14  45  75  14
54  89  42  51  14
55  24  53  14  91
55  4   26  57  53
55  91  52  97  34
62  76  12  37  25
64  59  20  93  21
64  64  71  18  47
65  46  22  71  72
67  44  88  46  93
67  80  14  72  49
68  6   66  29  42
68  80  46  10  33
70  90  81  24  35
73  62  43  95  4
75  22  94  47  87
76  44  54  65  69
77  66  93  88  60
78  44  73  84  90
79  39  11  44  28
80  90  80  67  75
81  1   64  39  42
82  50  78  39  27
83  28  9   38  69
83  99  16  38  46
85  11  97  33  43
85  95  6   22  61
87  27  70  76  49
88  19  1   12  2
88  96  68  72  64
91  4   39  35  21
92  71  38  83  68
95  34  32  5   60
96  34  46  94  43
96  81  44  96  60
97  85  94  73  74
98  51  88  15  37
99  71  72  22  78
